/*--------------------------------*- C++ -*----------------------------------*\
| =========                 |                                                 |
| \\      /  F ield         | OpenFOAM: The Open Source CFD Toolbox           |
|  \\    /   O peration     | Version:  2212                                  |
|   \\  /    A nd           | Website:  www.openfoam.com                      |
|    \\/     M anipulation  |                                                 |
\*---------------------------------------------------------------------------*/
FoamFile
{
    version     2.0;
    format      ascii;
    arch        "LSB;label=32;scalar=64";
    note        "nPoints:4534  nCells:2160  nFaces:8746  nInternalFaces:4286";
    class       labelList;
    location    "constant/polyMesh";
    object      neighbour;
}
// * * * * * * * * * * * * * * * * * * * * * * * * * * * * * * * * * * * * * //


4286
(
1
40
2
41
3
42
4
43
5
44
6
45
7
46
8
47
9
48
10
49
11
50
12
51
13
52
14
53
15
54
16
55
17
56
18
57
19
58
20
59
21
60
22
61
23
62
24
63
25
64
26
65
27
66
28
67
29
68
30
69
31
70
32
71
33
72
34
73
35
74
36
75
37
76
38
77
39
78
79
41
80
42
81
43
82
44
83
45
84
46
85
47
86
48
87
49
88
50
89
51
90
52
91
53
92
54
93
55
94
56
95
57
96
58
97
59
98
60
99
61
100
62
101
63
102
64
103
65
104
66
105
67
106
68
107
69
108
70
109
71
110
72
111
73
112
74
113
75
114
76
115
77
116
78
117
79
118
119
81
120
82
121
83
122
84
123
85
124
86
125
87
126
88
127
89
128
90
129
91
130
92
131
93
132
94
133
95
134
96
135
97
136
98
137
99
138
100
139
101
140
102
141
103
142
104
143
105
144
106
145
107
146
108
147
109
148
110
149
111
150
112
151
113
152
114
153
115
154
116
155
117
156
118
157
119
158
159
121
160
122
161
123
162
124
163
125
164
126
165
127
166
128
167
129
168
130
169
131
170
132
171
133
172
134
173
135
174
136
175
137
176
138
177
139
178
140
179
141
180
142
181
143
182
144
183
145
184
146
185
147
186
148
187
149
188
150
189
151
190
152
191
153
192
154
193
155
194
156
195
157
196
158
197
159
198
199
161
200
162
201
163
202
164
203
165
204
166
205
167
206
168
207
169
208
170
209
171
210
172
211
173
212
174
213
175
214
176
215
177
216
178
217
179
218
180
219
181
220
182
221
183
222
184
223
185
224
186
225
187
226
188
227
189
228
190
229
191
230
192
231
193
232
194
233
195
234
196
235
197
236
198
237
199
238
239
201
240
202
241
203
242
204
243
205
244
206
245
207
246
208
247
209
248
210
249
211
250
212
251
213
252
214
253
215
254
216
255
217
256
218
257
219
258
220
259
221
260
222
261
223
262
224
263
225
264
226
265
227
266
228
267
229
268
230
269
231
270
232
271
233
272
234
273
235
274
236
275
237
276
238
277
239
278
279
241
280
242
281
243
282
244
283
245
284
246
285
247
286
248
287
249
288
250
289
251
290
1202
252
291
1205
253
292
1208
254
293
1211
255
294
1214
256
295
1217
257
296
1220
258
297
1223
259
298
1226
260
299
1229
261
300
1232
262
301
1235
263
302
1238
264
303
1241
265
304
1244
266
305
1247
267
306
1250
268
307
1253
269
308
1256
270
309
1259
271
310
272
311
273
312
274
313
275
314
276
315
277
316
278
317
279
318
319
281
320
282
321
283
322
284
323
285
324
286
325
287
326
288
327
289
328
290
329
1200
1200
1202
1202
1203
1205
1205
1206
1208
1208
1209
1211
1211
1212
1214
1214
1215
1217
1217
1218
1220
1220
1221
1223
1223
1224
1226
1226
1227
1229
1229
1230
1232
1232
1233
1235
1235
1236
1238
1238
1239
1241
1241
1242
1244
1244
1245
1247
1247
1248
1250
1250
1251
1253
1253
1254
1256
1256
1257
1259
311
350
1258
1259
312
351
313
352
314
353
315
354
316
355
317
356
318
357
319
358
359
321
360
322
361
323
362
324
363
325
364
326
365
327
366
328
367
329
368
330
369
1260
1200
1260
1262
1203
1262
1263
1265
1206
1265
1266
1268
1209
1268
1269
1271
1212
1271
1272
1274
1215
1274
1275
1277
1218
1277
1278
1280
1221
1280
1281
1283
1224
1283
1284
1286
1227
1286
1287
1289
1230
1289
1290
1292
1233
1292
1293
1295
1236
1295
1296
1298
1239
1298
1299
1301
1242
1301
1302
1304
1245
1304
1305
1307
1248
1307
1308
1310
1251
1310
1311
1313
1254
1313
1314
1316
1257
1316
1317
1319
351
390
1318
1319
352
391
353
392
354
393
355
394
356
395
357
396
358
397
359
398
399
361
400
362
401
363
402
364
403
365
404
366
405
367
406
368
407
369
408
370
409
1320
1260
1320
1322
1263
1322
1323
1325
1266
1325
1326
1328
1269
1328
1329
1331
1272
1331
1332
1334
1275
1334
1335
1337
1278
1337
1338
1340
1281
1340
1341
1343
1284
1343
1344
1346
1287
1346
1347
1349
1290
1349
1350
1352
1293
1352
1353
1355
1296
1355
1356
1358
1299
1358
1359
1361
1302
1361
1362
1364
1305
1364
1365
1367
1308
1367
1368
1370
1311
1370
1371
1373
1314
1373
1374
1376
1317
1376
1377
1379
391
430
1378
1379
392
431
393
432
394
433
395
434
396
435
397
436
398
437
399
438
439
401
440
402
441
403
442
404
443
405
444
406
445
407
446
408
447
409
448
410
449
1380
1320
1380
1382
1323
1382
1383
1385
1326
1385
1386
1388
1329
1388
1389
1391
1332
1391
1392
1394
1335
1394
1395
1397
1338
1397
1398
1400
1341
1400
1401
1403
1344
1403
1404
1406
1347
1406
1407
1409
1350
1409
1410
1412
1353
1412
1413
1415
1356
1415
1416
1418
1359
1418
1419
1421
1362
1421
1422
1424
1365
1424
1425
1427
1368
1427
1428
1430
1371
1430
1431
1433
1374
1433
1434
1436
1377
1436
1437
1439
431
470
1438
1439
432
471
433
472
434
473
435
474
436
475
437
476
438
477
439
478
479
441
480
442
481
443
482
444
483
445
484
446
485
447
486
448
487
449
488
450
489
1440
1380
1440
1442
1383
1442
1443
1445
1386
1445
1446
1448
1389
1448
1449
1451
1392
1451
1452
1454
1395
1454
1455
1457
1398
1457
1458
1460
1401
1460
1461
1463
1404
1463
1464
1466
1407
1466
1467
1469
1410
1469
1470
1472
1413
1472
1473
1475
1416
1475
1476
1478
1419
1478
1479
1481
1422
1481
1482
1484
1425
1484
1485
1487
1428
1487
1488
1490
1431
1490
1491
1493
1434
1493
1494
1496
1437
1496
1497
1499
471
510
1498
1499
472
511
473
512
474
513
475
514
476
515
477
516
478
517
479
518
519
481
520
482
521
483
522
484
523
485
524
486
525
487
526
488
527
489
528
490
529
1500
1440
1500
1502
1443
1502
1503
1505
1446
1505
1506
1508
1449
1508
1509
1511
1452
1511
1512
1514
1455
1514
1515
1517
1458
1517
1518
1520
1461
1520
1521
1523
1464
1523
1524
1526
1467
1526
1527
1529
1470
1529
1530
1532
1473
1532
1533
1535
1476
1535
1536
1538
1479
1538
1539
1541
1482
1541
1542
1544
1485
1544
1545
1547
1488
1547
1548
1550
1491
1550
1551
1553
1494
1553
1554
1556
1497
1556
1557
1559
511
550
1558
1559
512
551
513
552
514
553
515
554
516
555
517
556
518
557
519
558
559
521
560
522
561
523
562
524
563
525
564
526
565
527
566
528
567
529
568
530
569
1560
1500
1560
1562
1503
1562
1563
1565
1506
1565
1566
1568
1509
1568
1569
1571
1512
1571
1572
1574
1515
1574
1575
1577
1518
1577
1578
1580
1521
1580
1581
1583
1524
1583
1584
1586
1527
1586
1587
1589
1530
1589
1590
1592
1533
1592
1593
1595
1536
1595
1596
1598
1539
1598
1599
1601
1542
1601
1602
1604
1545
1604
1605
1607
1548
1607
1608
1610
1551
1610
1611
1613
1554
1613
1614
1616
1557
1616
1617
1619
551
590
1618
1619
552
591
553
592
554
593
555
594
556
595
557
596
558
597
559
598
599
561
600
562
601
563
602
564
603
565
604
566
605
567
606
568
607
569
608
570
609
1620
1560
1620
1622
1563
1622
1623
1625
1566
1625
1626
1628
1569
1628
1629
1631
1572
1631
1632
1634
1575
1634
1635
1637
1578
1637
1638
1640
1581
1640
1641
1643
1584
1643
1644
1646
1587
1646
1647
1649
1590
1649
1650
1652
1593
1652
1653
1655
1596
1655
1656
1658
1599
1658
1659
1661
1602
1661
1662
1664
1605
1664
1665
1667
1608
1667
1668
1670
1611
1670
1671
1673
1614
1673
1674
1676
1617
1676
1677
1679
591
630
1678
1679
592
631
593
632
594
633
595
634
596
635
597
636
598
637
599
638
639
601
640
602
641
603
642
604
643
605
644
606
645
607
646
608
647
609
648
610
649
1680
1620
1680
1682
1623
1682
1683
1685
1626
1685
1686
1688
1629
1688
1689
1691
1632
1691
1692
1694
1635
1694
1695
1697
1638
1697
1698
1700
1641
1700
1701
1703
1644
1703
1704
1706
1647
1706
1707
1709
1650
1709
1710
1712
1653
1712
1713
1715
1656
1715
1716
1718
1659
1718
1719
1721
1662
1721
1722
1724
1665
1724
1725
1727
1668
1727
1728
1730
1671
1730
1731
1733
1674
1733
1734
1736
1677
1736
1737
1739
631
670
1738
1739
632
671
633
672
634
673
635
674
636
675
637
676
638
677
639
678
679
641
680
642
681
643
682
644
683
645
684
646
685
647
686
648
687
649
688
650
689
1740
1680
1740
1742
1683
1742
1743
1745
1686
1745
1746
1748
1689
1748
1749
1751
1692
1751
1752
1754
1695
1754
1755
1757
1698
1757
1758
1760
1701
1760
1761
1763
1704
1763
1764
1766
1707
1766
1767
1769
1710
1769
1770
1772
1713
1772
1773
1775
1716
1775
1776
1778
1719
1778
1779
1781
1722
1781
1782
1784
1725
1784
1785
1787
1728
1787
1788
1790
1731
1790
1791
1793
1734
1793
1794
1796
1737
1796
1797
1799
671
710
1798
1799
672
711
673
712
674
713
675
714
676
715
677
716
678
717
679
718
719
681
720
682
721
683
722
684
723
685
724
686
725
687
726
688
727
689
728
690
729
1800
1740
1800
1802
1743
1802
1803
1805
1746
1805
1806
1808
1749
1808
1809
1811
1752
1811
1812
1814
1755
1814
1815
1817
1758
1817
1818
1820
1761
1820
1821
1823
1764
1823
1824
1826
1767
1826
1827
1829
1770
1829
1830
1832
1773
1832
1833
1835
1776
1835
1836
1838
1779
1838
1839
1841
1782
1841
1842
1844
1785
1844
1845
1847
1788
1847
1848
1850
1791
1850
1851
1853
1794
1853
1854
1856
1797
1856
1857
1859
711
750
1858
1859
712
751
713
752
714
753
715
754
716
755
717
756
718
757
719
758
759
721
760
722
761
723
762
724
763
725
764
726
765
727
766
728
767
729
768
730
769
1860
1800
1860
1862
1803
1862
1863
1865
1806
1865
1866
1868
1809
1868
1869
1871
1812
1871
1872
1874
1815
1874
1875
1877
1818
1877
1878
1880
1821
1880
1881
1883
1824
1883
1884
1886
1827
1886
1887
1889
1830
1889
1890
1892
1833
1892
1893
1895
1836
1895
1896
1898
1839
1898
1899
1901
1842
1901
1902
1904
1845
1904
1905
1907
1848
1907
1908
1910
1851
1910
1911
1913
1854
1913
1914
1916
1857
1916
1917
1919
751
790
1918
1919
752
791
753
792
754
793
755
794
756
795
757
796
758
797
759
798
799
761
800
762
801
763
802
764
803
765
804
766
805
767
806
768
807
769
808
770
809
1920
1860
1920
1922
1863
1922
1923
1925
1866
1925
1926
1928
1869
1928
1929
1931
1872
1931
1932
1934
1875
1934
1935
1937
1878
1937
1938
1940
1881
1940
1941
1943
1884
1943
1944
1946
1887
1946
1947
1949
1890
1949
1950
1952
1893
1952
1953
1955
1896
1955
1956
1958
1899
1958
1959
1961
1902
1961
1962
1964
1905
1964
1965
1967
1908
1967
1968
1970
1911
1970
1971
1973
1914
1973
1974
1976
1917
1976
1977
1979
791
830
1978
1979
792
831
793
832
794
833
795
834
796
835
797
836
798
837
799
838
839
801
840
802
841
803
842
804
843
805
844
806
845
807
846
808
847
809
848
810
849
1980
1920
1980
1982
1923
1982
1983
1985
1926
1985
1986
1988
1929
1988
1989
1991
1932
1991
1992
1994
1935
1994
1995
1997
1938
1997
1998
2000
1941
2000
2001
2003
1944
2003
2004
2006
1947
2006
2007
2009
1950
2009
2010
2012
1953
2012
2013
2015
1956
2015
2016
2018
1959
2018
2019
2021
1962
2021
2022
2024
1965
2024
2025
2027
1968
2027
2028
2030
1971
2030
2031
2033
1974
2033
2034
2036
1977
2036
2037
2039
831
870
2038
2039
832
871
833
872
834
873
835
874
836
875
837
876
838
877
839
878
879
841
880
842
881
843
882
844
883
845
884
846
885
847
886
848
887
849
888
850
889
2040
1980
2040
2042
1983
2042
2043
2045
1986
2045
2046
2048
1989
2048
2049
2051
1992
2051
2052
2054
1995
2054
2055
2057
1998
2057
2058
2060
2001
2060
2061
2063
2004
2063
2064
2066
2007
2066
2067
2069
2010
2069
2070
2072
2013
2072
2073
2075
2016
2075
2076
2078
2019
2078
2079
2081
2022
2081
2082
2084
2025
2084
2085
2087
2028
2087
2088
2090
2031
2090
2091
2093
2034
2093
2094
2096
2037
2096
2097
2099
871
910
2098
2099
872
911
873
912
874
913
875
914
876
915
877
916
878
917
879
918
919
881
920
882
921
883
922
884
923
885
924
886
925
887
926
888
927
889
928
890
929
2100
2040
2100
2102
2043
2102
2103
2105
2046
2105
2106
2108
2049
2108
2109
2111
2052
2111
2112
2114
2055
2114
2115
2117
2058
2117
2118
2120
2061
2120
2121
2123
2064
2123
2124
2126
2067
2126
2127
2129
2070
2129
2130
2132
2073
2132
2133
2135
2076
2135
2136
2138
2079
2138
2139
2141
2082
2141
2142
2144
2085
2144
2145
2147
2088
2147
2148
2150
2091
2150
2151
2153
2094
2153
2154
2156
2097
2156
2157
2159
911
950
2158
2159
912
951
913
952
914
953
915
954
916
955
917
956
918
957
919
958
959
921
960
922
961
923
962
924
963
925
964
926
965
927
966
928
967
929
968
930
969
931
970
2100
2101
932
971
2103
2104
933
972
2106
2107
934
973
2109
2110
935
974
2112
2113
936
975
2115
2116
937
976
2118
2119
938
977
2121
2122
939
978
2124
2125
940
979
2127
2128
941
980
2130
2131
942
981
2133
2134
943
982
2136
2137
944
983
2139
2140
945
984
2142
2143
946
985
2145
2146
947
986
2148
2149
948
987
2151
2152
949
988
2154
2155
950
989
2157
2158
951
990
952
991
953
992
954
993
955
994
956
995
957
996
958
997
959
998
999
961
1000
962
1001
963
1002
964
1003
965
1004
966
1005
967
1006
968
1007
969
1008
970
1009
971
1010
972
1011
973
1012
974
1013
975
1014
976
1015
977
1016
978
1017
979
1018
980
1019
981
1020
982
1021
983
1022
984
1023
985
1024
986
1025
987
1026
988
1027
989
1028
990
1029
991
1030
992
1031
993
1032
994
1033
995
1034
996
1035
997
1036
998
1037
999
1038
1039
1001
1040
1002
1041
1003
1042
1004
1043
1005
1044
1006
1045
1007
1046
1008
1047
1009
1048
1010
1049
1011
1050
1012
1051
1013
1052
1014
1053
1015
1054
1016
1055
1017
1056
1018
1057
1019
1058
1020
1059
1021
1060
1022
1061
1023
1062
1024
1063
1025
1064
1026
1065
1027
1066
1028
1067
1029
1068
1030
1069
1031
1070
1032
1071
1033
1072
1034
1073
1035
1074
1036
1075
1037
1076
1038
1077
1039
1078
1079
1041
1080
1042
1081
1043
1082
1044
1083
1045
1084
1046
1085
1047
1086
1048
1087
1049
1088
1050
1089
1051
1090
1052
1091
1053
1092
1054
1093
1055
1094
1056
1095
1057
1096
1058
1097
1059
1098
1060
1099
1061
1100
1062
1101
1063
1102
1064
1103
1065
1104
1066
1105
1067
1106
1068
1107
1069
1108
1070
1109
1071
1110
1072
1111
1073
1112
1074
1113
1075
1114
1076
1115
1077
1116
1078
1117
1079
1118
1119
1081
1120
1082
1121
1083
1122
1084
1123
1085
1124
1086
1125
1087
1126
1088
1127
1089
1128
1090
1129
1091
1130
1092
1131
1093
1132
1094
1133
1095
1134
1096
1135
1097
1136
1098
1137
1099
1138
1100
1139
1101
1140
1102
1141
1103
1142
1104
1143
1105
1144
1106
1145
1107
1146
1108
1147
1109
1148
1110
1149
1111
1150
1112
1151
1113
1152
1114
1153
1115
1154
1116
1155
1117
1156
1118
1157
1119
1158
1159
1121
1160
1122
1161
1123
1162
1124
1163
1125
1164
1126
1165
1127
1166
1128
1167
1129
1168
1130
1169
1131
1170
1132
1171
1133
1172
1134
1173
1135
1174
1136
1175
1137
1176
1138
1177
1139
1178
1140
1179
1141
1180
1142
1181
1143
1182
1144
1183
1145
1184
1146
1185
1147
1186
1148
1187
1149
1188
1150
1189
1151
1190
1152
1191
1153
1192
1154
1193
1155
1194
1156
1195
1157
1196
1158
1197
1159
1198
1199
1161
1162
1163
1164
1165
1166
1167
1168
1169
1170
1171
1172
1173
1174
1175
1176
1177
1178
1179
1180
1181
1182
1183
1184
1185
1186
1187
1188
1189
1190
1191
1192
1193
1194
1195
1196
1197
1198
1199
1201
1202
1203
1262
1204
1205
1206
1265
1207
1208
1209
1268
1210
1211
1212
1271
1213
1214
1215
1274
1216
1217
1218
1277
1219
1220
1221
1280
1222
1223
1224
1283
1225
1226
1227
1286
1228
1229
1230
1289
1231
1232
1233
1292
1234
1235
1236
1295
1237
1238
1239
1298
1240
1241
1242
1301
1243
1244
1245
1304
1246
1247
1248
1307
1249
1250
1251
1310
1252
1253
1254
1313
1255
1256
1257
1316
1258
1259
1319
1261
1262
1263
1322
1264
1265
1266
1325
1267
1268
1269
1328
1270
1271
1272
1331
1273
1274
1275
1334
1276
1277
1278
1337
1279
1280
1281
1340
1282
1283
1284
1343
1285
1286
1287
1346
1288
1289
1290
1349
1291
1292
1293
1352
1294
1295
1296
1355
1297
1298
1299
1358
1300
1301
1302
1361
1303
1304
1305
1364
1306
1307
1308
1367
1309
1310
1311
1370
1312
1313
1314
1373
1315
1316
1317
1376
1318
1319
1379
1321
1322
1323
1382
1324
1325
1326
1385
1327
1328
1329
1388
1330
1331
1332
1391
1333
1334
1335
1394
1336
1337
1338
1397
1339
1340
1341
1400
1342
1343
1344
1403
1345
1346
1347
1406
1348
1349
1350
1409
1351
1352
1353
1412
1354
1355
1356
1415
1357
1358
1359
1418
1360
1361
1362
1421
1363
1364
1365
1424
1366
1367
1368
1427
1369
1370
1371
1430
1372
1373
1374
1433
1375
1376
1377
1436
1378
1379
1439
1381
1382
1383
1442
1384
1385
1386
1445
1387
1388
1389
1448
1390
1391
1392
1451
1393
1394
1395
1454
1396
1397
1398
1457
1399
1400
1401
1460
1402
1403
1404
1463
1405
1406
1407
1466
1408
1409
1410
1469
1411
1412
1413
1472
1414
1415
1416
1475
1417
1418
1419
1478
1420
1421
1422
1481
1423
1424
1425
1484
1426
1427
1428
1487
1429
1430
1431
1490
1432
1433
1434
1493
1435
1436
1437
1496
1438
1439
1499
1441
1442
1443
1502
1444
1445
1446
1505
1447
1448
1449
1508
1450
1451
1452
1511
1453
1454
1455
1514
1456
1457
1458
1517
1459
1460
1461
1520
1462
1463
1464
1523
1465
1466
1467
1526
1468
1469
1470
1529
1471
1472
1473
1532
1474
1475
1476
1535
1477
1478
1479
1538
1480
1481
1482
1541
1483
1484
1485
1544
1486
1487
1488
1547
1489
1490
1491
1550
1492
1493
1494
1553
1495
1496
1497
1556
1498
1499
1559
1501
1502
1503
1562
1504
1505
1506
1565
1507
1508
1509
1568
1510
1511
1512
1571
1513
1514
1515
1574
1516
1517
1518
1577
1519
1520
1521
1580
1522
1523
1524
1583
1525
1526
1527
1586
1528
1529
1530
1589
1531
1532
1533
1592
1534
1535
1536
1595
1537
1538
1539
1598
1540
1541
1542
1601
1543
1544
1545
1604
1546
1547
1548
1607
1549
1550
1551
1610
1552
1553
1554
1613
1555
1556
1557
1616
1558
1559
1619
1561
1562
1563
1622
1564
1565
1566
1625
1567
1568
1569
1628
1570
1571
1572
1631
1573
1574
1575
1634
1576
1577
1578
1637
1579
1580
1581
1640
1582
1583
1584
1643
1585
1586
1587
1646
1588
1589
1590
1649
1591
1592
1593
1652
1594
1595
1596
1655
1597
1598
1599
1658
1600
1601
1602
1661
1603
1604
1605
1664
1606
1607
1608
1667
1609
1610
1611
1670
1612
1613
1614
1673
1615
1616
1617
1676
1618
1619
1679
1621
1622
1623
1682
1624
1625
1626
1685
1627
1628
1629
1688
1630
1631
1632
1691
1633
1634
1635
1694
1636
1637
1638
1697
1639
1640
1641
1700
1642
1643
1644
1703
1645
1646
1647
1706
1648
1649
1650
1709
1651
1652
1653
1712
1654
1655
1656
1715
1657
1658
1659
1718
1660
1661
1662
1721
1663
1664
1665
1724
1666
1667
1668
1727
1669
1670
1671
1730
1672
1673
1674
1733
1675
1676
1677
1736
1678
1679
1739
1681
1682
1683
1742
1684
1685
1686
1745
1687
1688
1689
1748
1690
1691
1692
1751
1693
1694
1695
1754
1696
1697
1698
1757
1699
1700
1701
1760
1702
1703
1704
1763
1705
1706
1707
1766
1708
1709
1710
1769
1711
1712
1713
1772
1714
1715
1716
1775
1717
1718
1719
1778
1720
1721
1722
1781
1723
1724
1725
1784
1726
1727
1728
1787
1729
1730
1731
1790
1732
1733
1734
1793
1735
1736
1737
1796
1738
1739
1799
1741
1742
1743
1802
1744
1745
1746
1805
1747
1748
1749
1808
1750
1751
1752
1811
1753
1754
1755
1814
1756
1757
1758
1817
1759
1760
1761
1820
1762
1763
1764
1823
1765
1766
1767
1826
1768
1769
1770
1829
1771
1772
1773
1832
1774
1775
1776
1835
1777
1778
1779
1838
1780
1781
1782
1841
1783
1784
1785
1844
1786
1787
1788
1847
1789
1790
1791
1850
1792
1793
1794
1853
1795
1796
1797
1856
1798
1799
1859
1801
1802
1803
1862
1804
1805
1806
1865
1807
1808
1809
1868
1810
1811
1812
1871
1813
1814
1815
1874
1816
1817
1818
1877
1819
1820
1821
1880
1822
1823
1824
1883
1825
1826
1827
1886
1828
1829
1830
1889
1831
1832
1833
1892
1834
1835
1836
1895
1837
1838
1839
1898
1840
1841
1842
1901
1843
1844
1845
1904
1846
1847
1848
1907
1849
1850
1851
1910
1852
1853
1854
1913
1855
1856
1857
1916
1858
1859
1919
1861
1862
1863
1922
1864
1865
1866
1925
1867
1868
1869
1928
1870
1871
1872
1931
1873
1874
1875
1934
1876
1877
1878
1937
1879
1880
1881
1940
1882
1883
1884
1943
1885
1886
1887
1946
1888
1889
1890
1949
1891
1892
1893
1952
1894
1895
1896
1955
1897
1898
1899
1958
1900
1901
1902
1961
1903
1904
1905
1964
1906
1907
1908
1967
1909
1910
1911
1970
1912
1913
1914
1973
1915
1916
1917
1976
1918
1919
1979
1921
1922
1923
1982
1924
1925
1926
1985
1927
1928
1929
1988
1930
1931
1932
1991
1933
1934
1935
1994
1936
1937
1938
1997
1939
1940
1941
2000
1942
1943
1944
2003
1945
1946
1947
2006
1948
1949
1950
2009
1951
1952
1953
2012
1954
1955
1956
2015
1957
1958
1959
2018
1960
1961
1962
2021
1963
1964
1965
2024
1966
1967
1968
2027
1969
1970
1971
2030
1972
1973
1974
2033
1975
1976
1977
2036
1978
1979
2039
1981
1982
1983
2042
1984
1985
1986
2045
1987
1988
1989
2048
1990
1991
1992
2051
1993
1994
1995
2054
1996
1997
1998
2057
1999
2000
2001
2060
2002
2003
2004
2063
2005
2006
2007
2066
2008
2009
2010
2069
2011
2012
2013
2072
2014
2015
2016
2075
2017
2018
2019
2078
2020
2021
2022
2081
2023
2024
2025
2084
2026
2027
2028
2087
2029
2030
2031
2090
2032
2033
2034
2093
2035
2036
2037
2096
2038
2039
2099
2041
2042
2043
2102
2044
2045
2046
2105
2047
2048
2049
2108
2050
2051
2052
2111
2053
2054
2055
2114
2056
2057
2058
2117
2059
2060
2061
2120
2062
2063
2064
2123
2065
2066
2067
2126
2068
2069
2070
2129
2071
2072
2073
2132
2074
2075
2076
2135
2077
2078
2079
2138
2080
2081
2082
2141
2083
2084
2085
2144
2086
2087
2088
2147
2089
2090
2091
2150
2092
2093
2094
2153
2095
2096
2097
2156
2098
2099
2159
2101
2102
2103
2104
2105
2106
2107
2108
2109
2110
2111
2112
2113
2114
2115
2116
2117
2118
2119
2120
2121
2122
2123
2124
2125
2126
2127
2128
2129
2130
2131
2132
2133
2134
2135
2136
2137
2138
2139
2140
2141
2142
2143
2144
2145
2146
2147
2148
2149
2150
2151
2152
2153
2154
2155
2156
2157
2158
2159
)


// ************************************************************************* //
