/*--------------------------------*- C++ -*----------------------------------*\
| =========                 |                                                 |
| \\      /  F ield         | OpenFOAM: The Open Source CFD Toolbox           |
|  \\    /   O peration     | Version:  2212                                  |
|   \\  /    A nd           | Website:  www.openfoam.com                      |
|    \\/     M anipulation  |                                                 |
\*---------------------------------------------------------------------------*/
FoamFile
{
    version     2.0;
    format      ascii;
    arch        "LSB;label=32;scalar=64";
    class       faceList;
    location    "constant/polyMesh";
    object      faces;
}
// * * * * * * * * * * * * * * * * * * * * * * * * * * * * * * * * * * * * * //


206
(
4(2 86 87 3)
4(4 88 89 5)
4(6 90 91 7)
4(8 92 93 9)
4(10 94 95 11)
4(12 96 97 13)
4(14 98 99 15)
4(16 100 101 17)
4(18 102 103 19)
4(20 104 105 21)
4(22 106 107 23)
4(24 108 109 25)
4(26 110 111 27)
4(28 112 113 29)
4(30 114 115 31)
4(32 116 117 33)
4(34 118 119 35)
4(36 120 121 37)
4(38 122 123 39)
4(40 124 125 41)
4(42 126 127 43)
4(44 128 129 45)
4(46 130 131 47)
4(48 132 133 49)
4(50 134 135 51)
4(52 136 137 53)
4(54 138 139 55)
4(56 140 141 57)
4(58 142 143 59)
4(60 144 145 61)
4(62 146 147 63)
4(64 148 149 65)
4(66 150 151 67)
4(68 152 153 69)
4(70 154 155 71)
4(72 156 157 73)
4(74 158 159 75)
4(76 160 161 77)
4(78 162 163 79)
4(80 164 165 81)
4(82 166 167 83)
4(0 1 85 84)
4(0 84 86 2)
4(2 86 88 4)
4(4 88 90 6)
4(6 90 92 8)
4(8 92 94 10)
4(10 94 96 12)
4(12 96 98 14)
4(14 98 100 16)
4(16 100 102 18)
4(18 102 104 20)
4(20 104 106 22)
4(22 106 108 24)
4(24 108 110 26)
4(26 110 112 28)
4(28 112 114 30)
4(30 114 116 32)
4(32 116 118 34)
4(34 118 120 36)
4(36 120 122 38)
4(38 122 124 40)
4(40 124 126 42)
4(42 126 128 44)
4(44 128 130 46)
4(46 130 132 48)
4(48 132 134 50)
4(50 134 136 52)
4(52 136 138 54)
4(54 138 140 56)
4(56 140 142 58)
4(58 142 144 60)
4(60 144 146 62)
4(62 146 148 64)
4(64 148 150 66)
4(66 150 152 68)
4(68 152 154 70)
4(70 154 156 72)
4(72 156 158 74)
4(74 158 160 76)
4(76 160 162 78)
4(78 162 164 80)
4(80 164 166 82)
4(1 3 87 85)
4(3 5 89 87)
4(5 7 91 89)
4(7 9 93 91)
4(9 11 95 93)
4(11 13 97 95)
4(13 15 99 97)
4(15 17 101 99)
4(17 19 103 101)
4(19 21 105 103)
4(21 23 107 105)
4(23 25 109 107)
4(25 27 111 109)
4(27 29 113 111)
4(29 31 115 113)
4(31 33 117 115)
4(33 35 119 117)
4(35 37 121 119)
4(37 39 123 121)
4(39 41 125 123)
4(41 43 127 125)
4(43 45 129 127)
4(45 47 131 129)
4(47 49 133 131)
4(49 51 135 133)
4(51 53 137 135)
4(53 55 139 137)
4(55 57 141 139)
4(57 59 143 141)
4(59 61 145 143)
4(61 63 147 145)
4(63 65 149 147)
4(65 67 151 149)
4(67 69 153 151)
4(69 71 155 153)
4(71 73 157 155)
4(73 75 159 157)
4(75 77 161 159)
4(77 79 163 161)
4(79 81 165 163)
4(81 83 167 165)
4(0 2 3 1)
4(2 4 5 3)
4(4 6 7 5)
4(6 8 9 7)
4(8 10 11 9)
4(10 12 13 11)
4(12 14 15 13)
4(14 16 17 15)
4(16 18 19 17)
4(18 20 21 19)
4(20 22 23 21)
4(22 24 25 23)
4(24 26 27 25)
4(26 28 29 27)
4(28 30 31 29)
4(30 32 33 31)
4(32 34 35 33)
4(34 36 37 35)
4(36 38 39 37)
4(38 40 41 39)
4(40 42 43 41)
4(42 44 45 43)
4(44 46 47 45)
4(46 48 49 47)
4(48 50 51 49)
4(50 52 53 51)
4(52 54 55 53)
4(54 56 57 55)
4(56 58 59 57)
4(58 60 61 59)
4(60 62 63 61)
4(62 64 65 63)
4(64 66 67 65)
4(66 68 69 67)
4(68 70 71 69)
4(70 72 73 71)
4(72 74 75 73)
4(74 76 77 75)
4(76 78 79 77)
4(78 80 81 79)
4(80 82 83 81)
4(84 85 87 86)
4(86 87 89 88)
4(88 89 91 90)
4(90 91 93 92)
4(92 93 95 94)
4(94 95 97 96)
4(96 97 99 98)
4(98 99 101 100)
4(100 101 103 102)
4(102 103 105 104)
4(104 105 107 106)
4(106 107 109 108)
4(108 109 111 110)
4(110 111 113 112)
4(112 113 115 114)
4(114 115 117 116)
4(116 117 119 118)
4(118 119 121 120)
4(120 121 123 122)
4(122 123 125 124)
4(124 125 127 126)
4(126 127 129 128)
4(128 129 131 130)
4(130 131 133 132)
4(132 133 135 134)
4(134 135 137 136)
4(136 137 139 138)
4(138 139 141 140)
4(140 141 143 142)
4(142 143 145 144)
4(144 145 147 146)
4(146 147 149 148)
4(148 149 151 150)
4(150 151 153 152)
4(152 153 155 154)
4(154 155 157 156)
4(156 157 159 158)
4(158 159 161 160)
4(160 161 163 162)
4(162 163 165 164)
4(164 165 167 166)
)


// ************************************************************************* //
