/*--------------------------------*- C++ -*----------------------------------*\
| =========                 |                                                 |
| \\      /  F ield         | OpenFOAM: The Open Source CFD Toolbox           |
|  \\    /   O peration     | Version:  2212                                  |
|   \\  /    A nd           | Website:  www.openfoam.com                      |
|    \\/     M anipulation  |                                                 |
\*---------------------------------------------------------------------------*/
FoamFile
{
    version     2.0;
    format      ascii;
    arch        "LSB;label=32;scalar=64";
    class       vectorField;
    location    "constant/polyMesh";
    object      points;
}
// * * * * * * * * * * * * * * * * * * * * * * * * * * * * * * * * * * * * * //


168
(
(-0.05 0 -0.01)
(0.05 0 -0.01)
(-0.05 0.0243902439 -0.01)
(0.05 0.0243902439 -0.01)
(-0.05 0.0487804878 -0.01)
(0.05 0.0487804878 -0.01)
(-0.05 0.07317073171 -0.01)
(0.05 0.07317073171 -0.01)
(-0.05 0.09756097561 -0.01)
(0.05 0.09756097561 -0.01)
(-0.05 0.1219512195 -0.01)
(0.05 0.1219512195 -0.01)
(-0.05 0.1463414634 -0.01)
(0.05 0.1463414634 -0.01)
(-0.05 0.1707317073 -0.01)
(0.05 0.1707317073 -0.01)
(-0.05 0.1951219512 -0.01)
(0.05 0.1951219512 -0.01)
(-0.05 0.2195121951 -0.01)
(0.05 0.2195121951 -0.01)
(-0.05 0.243902439 -0.01)
(0.05 0.243902439 -0.01)
(-0.05 0.2682926829 -0.01)
(0.05 0.2682926829 -0.01)
(-0.05 0.2926829268 -0.01)
(0.05 0.2926829268 -0.01)
(-0.05 0.3170731707 -0.01)
(0.05 0.3170731707 -0.01)
(-0.05 0.3414634146 -0.01)
(0.05 0.3414634146 -0.01)
(-0.05 0.3658536585 -0.01)
(0.05 0.3658536585 -0.01)
(-0.05 0.3902439024 -0.01)
(0.05 0.3902439024 -0.01)
(-0.05 0.4146341463 -0.01)
(0.05 0.4146341463 -0.01)
(-0.05 0.4390243902 -0.01)
(0.05 0.4390243902 -0.01)
(-0.05 0.4634146341 -0.01)
(0.05 0.4634146341 -0.01)
(-0.05 0.487804878 -0.01)
(0.05 0.487804878 -0.01)
(-0.05 0.512195122 -0.01)
(0.05 0.512195122 -0.01)
(-0.05 0.5365853659 -0.01)
(0.05 0.5365853659 -0.01)
(-0.05 0.5609756098 -0.01)
(0.05 0.5609756098 -0.01)
(-0.05 0.5853658537 -0.01)
(0.05 0.5853658537 -0.01)
(-0.05 0.6097560976 -0.01)
(0.05 0.6097560976 -0.01)
(-0.05 0.6341463415 -0.01)
(0.05 0.6341463415 -0.01)
(-0.05 0.6585365854 -0.01)
(0.05 0.6585365854 -0.01)
(-0.05 0.6829268293 -0.01)
(0.05 0.6829268293 -0.01)
(-0.05 0.7073170732 -0.01)
(0.05 0.7073170732 -0.01)
(-0.05 0.7317073171 -0.01)
(0.05 0.7317073171 -0.01)
(-0.05 0.756097561 -0.01)
(0.05 0.756097561 -0.01)
(-0.05 0.7804878049 -0.01)
(0.05 0.7804878049 -0.01)
(-0.05 0.8048780488 -0.01)
(0.05 0.8048780488 -0.01)
(-0.05 0.8292682927 -0.01)
(0.05 0.8292682927 -0.01)
(-0.05 0.8536585366 -0.01)
(0.05 0.8536585366 -0.01)
(-0.05 0.8780487805 -0.01)
(0.05 0.8780487805 -0.01)
(-0.05 0.9024390244 -0.01)
(0.05 0.9024390244 -0.01)
(-0.05 0.9268292683 -0.01)
(0.05 0.9268292683 -0.01)
(-0.05 0.9512195122 -0.01)
(0.05 0.9512195122 -0.01)
(-0.05 0.9756097561 -0.01)
(0.05 0.9756097561 -0.01)
(-0.05 1 -0.01)
(0.05 1 -0.01)
(-0.05 0 0.01)
(0.05 0 0.01)
(-0.05 0.0243902439 0.01)
(0.05 0.0243902439 0.01)
(-0.05 0.0487804878 0.01)
(0.05 0.0487804878 0.01)
(-0.05 0.07317073171 0.01)
(0.05 0.07317073171 0.01)
(-0.05 0.09756097561 0.01)
(0.05 0.09756097561 0.01)
(-0.05 0.1219512195 0.01)
(0.05 0.1219512195 0.01)
(-0.05 0.1463414634 0.01)
(0.05 0.1463414634 0.01)
(-0.05 0.1707317073 0.01)
(0.05 0.1707317073 0.01)
(-0.05 0.1951219512 0.01)
(0.05 0.1951219512 0.01)
(-0.05 0.2195121951 0.01)
(0.05 0.2195121951 0.01)
(-0.05 0.243902439 0.01)
(0.05 0.243902439 0.01)
(-0.05 0.2682926829 0.01)
(0.05 0.2682926829 0.01)
(-0.05 0.2926829268 0.01)
(0.05 0.2926829268 0.01)
(-0.05 0.3170731707 0.01)
(0.05 0.3170731707 0.01)
(-0.05 0.3414634146 0.01)
(0.05 0.3414634146 0.01)
(-0.05 0.3658536585 0.01)
(0.05 0.3658536585 0.01)
(-0.05 0.3902439024 0.01)
(0.05 0.3902439024 0.01)
(-0.05 0.4146341463 0.01)
(0.05 0.4146341463 0.01)
(-0.05 0.4390243902 0.01)
(0.05 0.4390243902 0.01)
(-0.05 0.4634146341 0.01)
(0.05 0.4634146341 0.01)
(-0.05 0.487804878 0.01)
(0.05 0.487804878 0.01)
(-0.05 0.512195122 0.01)
(0.05 0.512195122 0.01)
(-0.05 0.5365853659 0.01)
(0.05 0.5365853659 0.01)
(-0.05 0.5609756098 0.01)
(0.05 0.5609756098 0.01)
(-0.05 0.5853658537 0.01)
(0.05 0.5853658537 0.01)
(-0.05 0.6097560976 0.01)
(0.05 0.6097560976 0.01)
(-0.05 0.6341463415 0.01)
(0.05 0.6341463415 0.01)
(-0.05 0.6585365854 0.01)
(0.05 0.6585365854 0.01)
(-0.05 0.6829268293 0.01)
(0.05 0.6829268293 0.01)
(-0.05 0.7073170732 0.01)
(0.05 0.7073170732 0.01)
(-0.05 0.7317073171 0.01)
(0.05 0.7317073171 0.01)
(-0.05 0.756097561 0.01)
(0.05 0.756097561 0.01)
(-0.05 0.7804878049 0.01)
(0.05 0.7804878049 0.01)
(-0.05 0.8048780488 0.01)
(0.05 0.8048780488 0.01)
(-0.05 0.8292682927 0.01)
(0.05 0.8292682927 0.01)
(-0.05 0.8536585366 0.01)
(0.05 0.8536585366 0.01)
(-0.05 0.8780487805 0.01)
(0.05 0.8780487805 0.01)
(-0.05 0.9024390244 0.01)
(0.05 0.9024390244 0.01)
(-0.05 0.9268292683 0.01)
(0.05 0.9268292683 0.01)
(-0.05 0.9512195122 0.01)
(0.05 0.9512195122 0.01)
(-0.05 0.9756097561 0.01)
(0.05 0.9756097561 0.01)
(-0.05 1 0.01)
(0.05 1 0.01)
)


// ************************************************************************* //
